100
0000000000000000000000000000000000000000000000000000000000000000000000000000000000000000000000000000
0000000000000000000000000001111100001111111111111111111111000000000000000000000000000000000000000000
0000000000000000000000000000001111111110011111111111111111100000000000000000000000000000000000000000
0000000000000000000000000000000000000000000000010100000000000000000000000000000000000000000000000000
0000000000000000000000000000000000000000000000011000000000000000000000000000000000000000000000000000
0000000000000000111111111111111111111111111111111111111111111111111111111111111111111111111110000000
0000000000000000000000000000000000000000000000000000000000000000000000000000000000000000000000000000
0000000000000000000000000000000000000000000000000000000000000000000000000000000000000000000000000000
0000000000000111111111111111100000000000000000000000000000000000000000000000000110000000010000000000
0000000000000000000000000000100000000000000000000000000000000000000000000000000110000000011000000000
0000000000000000000000000000100000000000000000000000000100000000000000000000000110000000011000000000
0000000000000000000000000000111000000000000000000000000001111111000000000000000110000000011100000000
0000000000000000000000000000111110000000000000000000000000000000000000000000000110000000001100000000
0000000000011100000000000000000100000000000000000000000000000000100000000000000110000000001100000000
0000000000011100000000000000000000000000000010000000000000000000010000000000001110000000001100000000
0000000000011100000000000000001000000000000000100000000000000000010000000000001100000000011000000000
0000000000011100000000000000000101000000000000001000000001111111010000000000001100000000011000000000
0000000000011100000000000000000011000000000000000000000001000000010000000000001111100000011000000000
0000000000011100000100000000000000000000000000001111000001000000010000000000001111100000011000000000
0000000000011100000100000000000000000000000000001111000001000000000000000000000111100000001000000000
0000000000011100000100000000000000000000000000001111000000000000100000000000000111100000001000000000
0000000000011100000100000000000000000000000000001111000000000000000000000000001111100000001000000000
0000000000011100000100000000000000000000000000001111000000000000000000000000001100000000001100000000
0000000000011100000100000000010000000000000000001111000000000000000000000000001100000000001100000000
0000000000011100001100000000101000000000000000001111000000000000000111000000001011100000001100000000
0000000000011100001100000000010000000000000000001111000000000000000000000000001111100000001100000000
0000000000011100001100000000000000000000000000001111000000000000000000000000000111100000001000000000
0000000000011100001100000000000000000000000000001111000111111111110000000000000111100000001100000000
0000000000011100001100000000011111111100000000001111000111111111111111111111111111100000001100000000
0000000000011100011100000000000001000000000000001111000000000000000000000000000100000000001100000000
0000000000011100011100000000000001000000000000001111000000000000000000000000000000000000001100000000
0000000000011100011100000000000001000000010000001111000000000000000000000000000000000000000000000000
0000000000011100011100000000000001000000110000001111000000000000000000000000000000000000000000000000
0000000000011100011100000000000001000001000000001111000000000000000000000000000000000000000000000000
0000000000011100011100000000000001111110000000001111111111111111111111111111100000000000000000000000
0000000000011100011100000000000000000000000000001111000000000000000000000000000000000000000000000000
0000000000011100011100000000000000000000000000001111000000000000000000000000000000000000000000000000
0000000000011111111100000000000000000000000000001111000000000000000000111111100000000000000000000000
0000000000000000011100000000000000000000000000001111000000000000000000000000000000000000000000000000
0000000000000000011100000000000000000000000000001111000000000000000000000000000000000000000000000000
0000000000000000011100000000000000000000000000001111000000000000000000000000000000000000000000000000
0000000000000000011100000000000000000000000000001111000000000000000000000000000000000000000000000000
0000000000000000011100000000000000000000000000001111000000000000000000000000000000000000000000000000
0000000000000000011000000000000000000001111111111111111111111111111111111111111111110000000000000000
0000000000000000011000000000000000000000000000000000000000000000000000000000000000000000000000000000
0000000000000000011000000000000000000000000000000000000000000000000000000000000000000000000000000000
0000000000000000011000000000000000000000000000000000000000000000000000000000000000000000000000000000
0000000000000000011000000000000000011111111111111111111111111111111100000000000000000000000000000000
0000000000000000011000000000000000000000000000000000000000000000000000000000000000000000000000000000
0000000000000000010000000000000000000000000000000000000000000000000000000000000000000000000000000000
0000000000000000010000000000000001000000000000000000000000000000000000000000000000000000000000000000
0000000000000000010000011000000011000000000000000000000000000000000000000000000000000000000000000000
0000000000000000010000011000000011000000000000000000000000000000000000000000000000000000000000000000
0000000000000000010000011000000011000000001111111111111111111111111111111111111111000000000000000000
0000000000000000000000011000000011000000001110000000000000000000000000000000000000000000000000000000
0000000000000000000000011000000011000000001100000000000000000000000000000000000000000000000000000000
0000000000000000000000011111111111111111111100000000000000000000000000000000000000000000000000000000
0000000001000000000000000000000000000000000000000000000000000000000000000000000000000000000000000000
0000000001000000000000000000000000000000000000000000000000000000000000000000000000000000000000000000
0000000001000000000000000000000000000000000000000000000000000000000000000000000000000000000000000000
0000000001000000000000000000000000000111111111111111111111111111110000000000000000000000000000000000
0000000000000000000000000000000000000000000000000000000000000000000000000000000000000000000000000000
0000000000000000000000000000000000000000000000000000000000000000000000000000000000000000000000000000
0000000000000000000000000000000000000000000000000000000000000000000000000000000000000000000000000000
0000000000000000000000000000000000000000000000000000000000000000000000000000000000000000000000000000
0000000000000000000111000000000000000000000000000000000000000000000000000000000000000000000000000000
0000000000000000000111000000000000000000000000000000000000000000000000000000000000000000000000000000
0000000000000000000111000000000000000000000000000000000000000000000000000000000000000000000000000000
0000000000000000000111000000000000000000000000000000000000000000000000000000000000000000000000000000
0000000000000000000111000000000000011111111111111111111111111111111111111111111100000000000000000000
0000000000000000000111000000000000111111111111111111111111111110000000000000000000000000000000000000
0000000000000000000111000000000000000000000000111000000000000000000000000000000000000000000000000000
0000000000000000000111000000000000000000000000111000000000000000000000000000000000000000000000000000
0000000000000000000111000000000000000000000000111000000000000000000000000000000000000000000000000000
0000000000000000000111000000000000000000000000111000000000000000000000000000000000000000000000000000
0000000000000000000111000000000000000000000000111000000000000000000000000000000000000000000000000000
0000000000000000000111000000000000000000000000111000000000000000000000000000000000000000000000000000
0000000010000000000111000000000000000000000000111000000000000000000000000000000000000000000000000000
0000000010000000000111000000000000000000000000111000000000000000000000000000000000000000000000000000
0000000010000000000111000000000000000000000000111000000000000000000000000000000000000000000000000000
0000000011111100000111000000000000000000000000111000000000000000000000000000000000000000000000000000
0000000000000000000111000000000000000000000000111000000000000000000000000000000000000000000000000000
0000000000000000000111000000000000000000000000111000000000000000000000110000000000000000000000000000
0000000000000000000111000000000000000000000000111000000000000000001111111111100000000000000000000000
0000000000000000000111000000000000000000000000111000000000000000000000110000000000000000000000000000
0000000000000000000111000000000000000000000000111000000000000000001111111111100000000000000000000000
0000000000000000000111000000000000000000000000111000000000000000000000110000000000000000000000000000
0000000000000000000111000000000000000000000000111000000000000000001111111111100000000000000000000000
0000000000000000000111000000000000000000000000000000000000000000000000110000000000000000000000000000
0000000000000000000111000000000000000000000000000000000000000000000000000000000000000000000000000000
0000000000000000000111000000000000000000000000000000000000000000000000000000000000000000000000000000
0000000000000000000111000000000000000000000000000000000000000000000000000000000000000000000000000000
0000000000000000000111000000000000111111111111111111111000000000000000000000000000000000000000000000
0000000000000000000111000000000000000000000000000000000000000000000000100000000000000000000000000000
0000000000000000000111000000000000000000000000000000000000000000000000001000000000000000000000000000
0000000000000000000111000000000000000000000000000000000000000000000000000011111100000000000000000000
0000000000000000000111000000000000000000000000000000000000000000000000000000100000000000000000000000
0000000000000000000000000000000000000000000000000000000000000000000000000000001111100000000000000000
0000000000000000000000000000000000000000000000000000000000000000000000000000000000000000000000000000
0000000000000000000000000000000000000000000000000000000000000000000000000000000000000000000000000000